#Iteration No.   1  RMS =       0.0000
43 47 60 1
 7000.000000 5000.000000 5000.000000 6000.000000 3000.000000 1500.000000 700.000000 700.000000 700.000000 1400.000000 2100.000000 3813.500000 2256.750000 2256.750000 2100.000000 1400.000000 700.000000 1540.000000 1540.000000 700.000000 1952.000000 1952.000000 700.000000 1723.000000 1723.000000 700.000000 1407.000000 2556.000000 700.000000 1948.000000 1713.500000 393.500000 1319.000000 1807.500000 954.500000 700.000000 1500.000000 3000.000000 3000.000000 3000.000000 5000.000000 5000.000000 7000.000000
 10000.000000 7500.000000 7500.000000 4500.000000 4500.000000 2500.000000 2500.000000 2500.000000 1500.000000 1000.000000 2085.000000 2085.000000 1000.000000 2197.000000 2197.000000 2123.000000 3676.500000 3666.500000 3445.000000 3224.500000 3758.500000 3698.000000 3025.000000 3191.000000 3963.500000 4739.500000 1000.000000 3919.500000 2145.500000 2341.000000 1000.000000 2000.000000 3525.500000 3525.500000 4710.000000 2000.000000 1000.000000 1000.000000 1500.000000 2500.000000 2500.000000 2500.000000 4500.000000 4500.000000 7500.000000 7500.000000 10000.000000
0.2328E+01  0.2871E+01  0.3539E+01  0.4363E+01  0.5379E+01  0.6632E+01  0.8176E+01
  0.1008E+02  0.1243E+02  0.1532E+02  0.1889E+02  0.1365E+02  0.1551E+02  0.1762E+02
  0.2003E+02  0.2276E+02  0.2587E+02  0.2940E+02  0.3341E+02  0.3797E+02  0.4315E+02
  0.4904E+02  0.5574E+02  0.6334E+02  0.7198E+02  0.8181E+02  0.9297E+02  0.1057E+03
  0.1201E+03  0.1220E+03  0.1369E+03  0.1536E+03  0.1724E+03  0.1934E+03  0.2170E+03
  0.2435E+03  0.2732E+03  0.3065E+03  0.3439E+03  0.3859E+03  0.4329E+03  0.4858E+03
  0.5450E+03  0.6115E+03  0.6862E+03  0.7699E+03  0.8638E+03  0.9692E+03  0.1087E+04
  0.2589E+04  0.3260E+04  0.4104E+04  0.5166E+04  0.6504E+04  0.8188E+04  0.1031E+05
  0.1298E+05  0.1634E+05  0.2057E+05  0.2000E+05
2000